Linux 5.15.0-73-generic (ubuntu2004) 	06/14/2023 	_x86_64_	(8 CPU)

12:31:07 PM  CPU    %usr   %nice    %sys %iowait    %irq   %soft  %steal  %guest  %gnice   %idle
12:31:37 PM  all   90.04    0.00    8.52    0.00    0.00    0.05    0.00    0.00    0.00    1.40
12:32:07 PM  all   90.58    0.00    7.78    0.00    0.00    0.05    0.00    0.00    0.00    1.59
12:32:37 PM  all   93.24    0.00    5.80    0.00    0.00    0.01    0.00    0.00    0.00    0.95
12:33:07 PM  all   93.00    0.00    5.98    0.00    0.00    0.03    0.00    0.00    0.00    0.99
12:33:37 PM  all   18.09    0.00    1.64    0.00    0.00    0.00    0.00    0.00    0.00   80.27
12:34:07 PM  all    0.11    0.00    0.14    0.00    0.00    0.00    0.00    0.00    0.00   99.75
12:34:37 PM  all    0.11    0.00    0.18    0.00    0.00    0.00    0.00    0.00    0.00   99.71
12:35:07 PM  all    0.32    0.00    0.48    0.00    0.00    0.02    0.00    0.00    0.00   99.18
12:35:37 PM  all    1.42    0.00    0.17    0.00    0.00    0.00    0.00    0.00    0.00   98.41
12:36:07 PM  all    0.10    0.00    0.17    0.00    0.00    0.00    0.00    0.00    0.00   99.72
12:36:37 PM  all    0.12    0.00    0.20    0.00    0.00    0.00    0.00    0.00    0.00   99.68
12:37:07 PM  all    0.08    0.00    0.13    0.00    0.00    0.00    0.00    0.00    0.00   99.80
12:37:37 PM  all   42.70    0.00    2.74    0.00    0.00    0.02    0.00    0.00    0.00   54.54
12:38:07 PM  all   93.40    0.00    5.88    0.00    0.00    0.01    0.00    0.00    0.00    0.70
12:38:37 PM  all   93.46    0.00    5.86    0.00    0.00    0.03    0.00    0.00    0.00    0.66
12:39:07 PM  all   93.58    0.00    5.83    0.00    0.00    0.01    0.00    0.00    0.00    0.59
12:39:37 PM  all   57.81    0.00    3.81    0.00    0.00    0.00    0.00    0.00    0.00   38.38
12:40:07 PM  all    0.11    0.00    0.24    0.00    0.00    0.00    0.00    0.00    0.00   99.65
12:40:37 PM  all    0.27    0.00    0.22    0.00    0.00    0.00    0.00    0.00    0.00   99.51
12:41:07 PM  all    0.12    0.00    0.23    0.00    0.00    0.00    0.00    0.00    0.00   99.64
12:41:37 PM  all    1.47    0.00    0.28    0.00    0.00    0.00    0.00    0.00    0.00   98.25
12:42:07 PM  all    0.48    0.00    0.48    0.00    0.00    0.01    0.00    0.00    0.00   99.04
12:42:37 PM  all    1.01    0.00    0.48    0.00    0.00    0.02    0.00    0.00    0.00   98.49
12:43:07 PM  all    0.23    0.00    0.21    0.00    0.00    0.00    0.00    0.00    0.00   99.56
12:43:37 PM  all    3.80    0.00    0.43    0.00    0.00    0.00    0.00    0.00    0.00   95.77
12:44:07 PM  all   90.38    0.00    8.43    0.00    0.00    0.03    0.00    0.00    0.00    1.16
12:44:37 PM  all   93.45    0.00    5.93    0.00    0.00    0.02    0.00    0.00    0.00    0.61
12:45:07 PM  all   89.73    0.00    8.98    0.00    0.00    0.05    0.00    0.00    0.00    1.24
12:45:37 PM  all   91.98    0.00    6.98    0.00    0.00    0.04    0.00    0.00    0.00    1.00
12:46:07 PM  all   28.60    0.00    2.03    0.00    0.00    0.00    0.00    0.00    0.00   69.37
Average:     all   38.91    0.00    3.00    0.00    0.00    0.01    0.00    0.00    0.00   58.08
Linux 5.15.0-73-generic (ubuntu2004) 	06/14/2023 	_x86_64_	(8 CPU)

01:49:35 PM  CPU    %usr   %nice    %sys %iowait    %irq   %soft  %steal  %guest  %gnice   %idle
01:50:05 PM  all   88.98    0.00   10.05    0.00    0.00    0.05    0.00    0.00    0.00    0.92
01:50:35 PM  all   92.86    0.00    6.16    0.00    0.00    0.03    0.00    0.00    0.00    0.95
01:51:05 PM  all   92.63    0.00    6.31    0.00    0.00    0.03    0.00    0.00    0.00    1.04
01:51:35 PM  all   92.98    0.00    6.11    0.00    0.00    0.01    0.00    0.00    0.00    0.90
01:52:05 PM  all   15.98    0.00    1.39    0.00    0.00    0.01    0.00    0.00    0.00   82.61
01:52:35 PM  all    0.10    0.00    0.18    0.00    0.00    0.00    0.00    0.00    0.00   99.72
01:53:05 PM  all    0.30    0.00    0.15    0.00    0.00    0.00    0.00    0.00    0.00   99.56
01:53:35 PM  all    0.13    0.00    0.22    0.00    0.00    0.00    0.00    0.00    0.00   99.64
01:54:05 PM  all    0.16    0.00    0.14    0.00    0.00    0.00    0.00    0.00    0.00   99.70
01:54:35 PM  all    0.08    0.00    0.17    0.00    0.00    0.00    0.00    0.00    0.00   99.75
01:55:05 PM  all    0.41    0.00    0.74    0.02    0.00    0.03    0.00    0.00    0.00   98.80
01:55:35 PM  all    0.80    0.00    1.10    0.01    0.00    0.05    0.00    0.00    0.00   98.03
01:56:05 PM  all    0.32    0.00    0.74    0.01    0.00    0.03    0.00    0.00    0.00   98.90
01:56:35 PM  all    0.28    0.00    0.73    0.00    0.00    0.04    0.00    0.00    0.00   98.95
01:57:05 PM  all    0.10    0.00    0.15    0.00    0.00    0.01    0.00    0.00    0.00   99.75
01:57:35 PM  all    0.07    0.00    0.11    0.00    0.00    0.00    0.00    0.00    0.00   99.82
01:58:05 PM  all    0.10    0.00    0.13    0.00    0.00    0.00    0.00    0.00    0.00   99.77
01:58:35 PM  all    0.11    0.00    0.15    0.00    0.00    0.00    0.00    0.00    0.00   99.74
01:59:05 PM  all    0.07    0.00    0.10    0.00    0.00    0.00    0.00    0.00    0.00   99.82
01:59:35 PM  all    0.09    0.00    0.15    0.00    0.00    0.00    0.00    0.00    0.00   99.76
02:00:05 PM  all    0.09    0.00    0.15    0.00    0.00    0.00    0.00    0.00    0.00   99.76
02:00:35 PM  all    0.88    0.00    0.14    0.00    0.00    0.00    0.00    0.00    0.00   98.98
02:01:05 PM  all    0.10    0.00    0.17    0.00    0.00    0.00    0.00    0.00    0.00   99.74
02:01:35 PM  all    0.13    0.00    0.17    0.00    0.00    0.00    0.00    0.00    0.00   99.71
02:02:05 PM  all    0.07    0.00    0.13    0.00    0.00    0.00    0.00    0.00    0.00   99.80
02:02:35 PM  all    0.09    0.00    0.14    0.00    0.00    0.00    0.00    0.00    0.00   99.77
02:03:05 PM  all    0.09    0.00    0.16    0.00    0.00    0.00    0.00    0.00    0.00   99.75
02:03:35 PM  all    0.08    0.00    0.11    0.00    0.00    0.00    0.00    0.00    0.00   99.80
02:04:05 PM  all    0.07    0.00    0.13    0.00    0.00    0.00    0.00    0.00    0.00   99.80
02:04:35 PM  all    0.11    0.00    0.15    0.00    0.00    0.00    0.00    0.00    0.00   99.74
Average:     all   12.89    0.00    1.21    0.00    0.00    0.01    0.00    0.00    0.00   85.88
Linux 5.15.0-73-generic (ubuntu2004) 	06/14/2023 	_x86_64_	(8 CPU)

02:35:32 PM  CPU    %usr   %nice    %sys %iowait    %irq   %soft  %steal  %guest  %gnice   %idle
02:36:02 PM  all   89.15    0.00    9.05    0.06    0.00    0.07    0.00    0.00    0.00    1.67
02:36:32 PM  all   92.19    0.00    6.56    0.01    0.00    0.02    0.00    0.00    0.00    1.23
02:37:02 PM  all   93.18    0.00    5.75    0.00    0.00    0.01    0.00    0.00    0.00    1.05
02:37:32 PM  all   93.05    0.00    5.92    0.00    0.00    0.03    0.00    0.00    0.00    1.00
02:38:02 PM  all   14.94    0.00    1.38    0.00    0.00    0.01    0.00    0.00    0.00   83.67
02:38:32 PM  all    1.70    0.00    2.37    0.02    0.00    0.02    0.00    0.00    0.00   95.89
02:39:02 PM  all   53.94    0.00    3.64    0.00    0.00    0.00    0.00    0.00    0.00   42.42
02:39:32 PM  all   93.46    0.00    5.86    0.00    0.00    0.01    0.00    0.00    0.00    0.67
02:40:02 PM  all   93.35    0.00    6.01    0.00    0.00    0.01    0.00    0.00    0.00    0.63
02:40:32 PM  all   93.18    0.00    6.18    0.00    0.00    0.01    0.00    0.00    0.00    0.63
02:41:02 PM  all   48.04    0.00    3.72    0.00    0.00    0.01    0.00    0.00    0.00   48.23
02:41:32 PM  all    1.06    0.00    0.30    0.00    0.00    0.01    0.00    0.00    0.00   98.63
02:42:02 PM  all   22.13    0.00    1.68    0.01    0.00    0.01    0.00    0.00    0.00   76.16
02:42:32 PM  all   92.77    0.00    6.32    0.00    0.00    0.02    0.00    0.00    0.00    0.89
02:43:02 PM  all   92.95    0.00    6.09    0.00    0.00    0.01    0.00    0.00    0.00    0.95
02:43:32 PM  all   93.26    0.00    5.95    0.00    0.00    0.00    0.00    0.00    0.00    0.79
02:44:02 PM  all   79.72    0.00    5.28    0.05    0.00    0.05    0.00    0.00    0.00   14.90
02:44:32 PM  all    0.12    0.00    0.20    0.00    0.00    0.00    0.00    0.00    0.00   99.68
02:45:02 PM  all    1.75    0.00    0.38    0.00    0.00    0.01    0.00    0.00    0.00   97.86
02:45:32 PM  all   82.94    0.00    5.44    0.00    0.00    0.01    0.00    0.00    0.00   11.61
02:46:02 PM  all   88.98    0.00    9.94    0.00    0.00    0.05    0.00    0.00    0.00    1.03
02:46:32 PM  all   87.23    0.00   10.16    0.00    0.00    0.11    0.00    0.00    0.00    2.51
02:47:02 PM  all   50.93    0.00    4.06    0.01    0.00    0.08    0.00    0.00    0.00   44.91
02:47:32 PM  all    0.91    0.00    0.79    0.01    0.00    0.03    0.00    0.00    0.00   98.26
02:48:02 PM  all    2.85    0.00    1.56    0.00    0.00    0.01    0.00    0.00    0.00   95.58
02:48:32 PM  all    3.06    0.00    2.12    0.00    0.00    0.02    0.00    0.00    0.00   94.80
02:49:02 PM  all    2.50    0.00    2.92    0.10    0.00    0.11    0.00    0.00    0.00   94.36
Linux 5.15.0-73-generic (ubuntu2004) 	06/14/2023 	_x86_64_	(8 CPU)
02:49:32 PM  all   84.32    0.00    9.35    0.05    0.00    0.13    0.00    0.00    0.00    6.15

02:49:08 PM  CPU    %usr   %nice    %sys %iowait    %irq   %soft  %steal  %guest  %gnice   %idle
02:49:38 PM  all   92.72    0.00    6.57    0.00    0.00    0.04    0.00    0.00    0.00    0.68
02:50:02 PM  all   93.35    0.00    6.05    0.00    0.00    0.02    0.00    0.00    0.00    0.59
02:50:08 PM  all   93.27    0.00    6.10    0.00    0.00    0.02    0.00    0.00    0.00    0.61
02:50:32 PM  all   92.96    0.00    6.29    0.00    0.00    0.04    0.00    0.00    0.00    0.71
Average:     all   57.98    0.00    4.71    0.01    0.00    0.03    0.00    0.00    0.00   37.27
02:50:38 PM  all   93.01    0.00    6.29    0.00    0.00    0.03    0.00    0.00    0.00    0.67
02:51:08 PM  all   92.52    0.00    6.62    0.00    0.00    0.03    0.00    0.00    0.00    0.83
02:51:38 PM  all   12.96    0.00    1.32    0.00    0.00    0.03    0.00    0.00    0.00   85.70
02:52:08 PM  all    0.10    0.00    0.17    0.00    0.00    0.00    0.00    0.00    0.00   99.73
02:52:38 PM  all    0.10    0.00    0.21    0.00    0.00    0.00    0.00    0.00    0.00   99.69
02:53:08 PM  all    0.11    0.00    0.17    0.00    0.00    0.00    0.00    0.00    0.00   99.72
02:53:38 PM  all    0.06    0.00    0.12    0.00    0.00    0.00    0.00    0.00    0.00   99.82
02:54:08 PM  all    0.08    0.00    0.15    0.00    0.00    0.00    0.00    0.00    0.00   99.77
02:54:38 PM  all    0.09    0.00    0.12    0.00    0.00    0.00    0.00    0.00    0.00   99.79
02:55:08 PM  all    0.10    0.00    0.12    0.00    0.00    0.00    0.00    0.00    0.00   99.77
02:55:38 PM  all    0.16    0.00    0.23    0.00    0.00    0.01    0.00    0.00    0.00   99.61
02:56:08 PM  all    0.30    0.00    0.20    0.00    0.00    0.00    0.00    0.00    0.00   99.49
02:56:38 PM  all    0.20    0.00    0.19    0.00    0.00    0.00    0.00    0.00    0.00   99.61
02:57:08 PM  all    0.09    0.00    0.23    0.00    0.00    0.01    0.00    0.00    0.00   99.68
02:57:38 PM  all    0.10    0.00    0.15    0.00    0.00    0.00    0.00    0.00    0.00   99.74
02:58:08 PM  all    0.10    0.00    0.16    0.00    0.00    0.00    0.00    0.00    0.00   99.74
02:58:38 PM  all    0.07    0.00    0.11    0.00    0.00    0.00    0.00    0.00    0.00   99.82
02:59:08 PM  all    0.11    0.00    0.23    0.00    0.00    0.00    0.00    0.00    0.00   99.65
02:59:38 PM  all    0.09    0.00    0.15    0.00    0.00    0.01    0.00    0.00    0.00   99.75
03:00:08 PM  all    0.08    0.00    0.13    0.00    0.00    0.00    0.00    0.00    0.00   99.80
03:00:38 PM  all    0.08    0.00    0.15    0.00    0.00    0.00    0.00    0.00    0.00   99.77
03:01:08 PM  all    0.12    0.00    0.15    0.00    0.00    0.00    0.00    0.00    0.00   99.72
03:01:38 PM  all    0.67    0.00    0.67    0.00    0.00    0.01    0.00    0.00    0.00   98.65
03:02:08 PM  all    0.10    0.00    0.14    0.00    0.00    0.00    0.00    0.00    0.00   99.76
03:02:38 PM  all    0.32    0.00    0.37    0.00    0.00    0.00    0.00    0.00    0.00   99.30
03:03:08 PM  all    0.09    0.00    0.16    0.00    0.00    0.01    0.00    0.00    0.00   99.74
03:03:38 PM  all    0.10    0.00    0.13    0.00    0.00    0.00    0.00    0.00    0.00   99.76
03:04:08 PM  all    0.08    0.00    0.13    0.00    0.00    0.00    0.00    0.00    0.00   99.78
Average:     all   12.91    0.00    1.05    0.00    0.00    0.01    0.00    0.00    0.00   86.03
Linux 5.15.0-73-generic (ubuntu2004) 	06/14/2023 	_x86_64_	(8 CPU)

03:07:12 PM  CPU    %usr   %nice    %sys %iowait    %irq   %soft  %steal  %guest  %gnice   %idle
03:07:42 PM  all   92.48    0.00    6.81    0.00    0.00    0.04    0.00    0.00    0.00    0.67
03:08:12 PM  all   92.81    0.00    6.32    0.00    0.00    0.01    0.00    0.00    0.00    0.87
03:08:42 PM  all   92.78    0.00    6.44    0.00    0.00    0.02    0.00    0.00    0.00    0.76
03:09:12 PM  all   93.34    0.00    5.97    0.00    0.00    0.01    0.00    0.00    0.00    0.68
03:09:42 PM  all   12.30    0.00    1.36    0.00    0.00    0.02    0.00    0.00    0.00   86.33
03:10:12 PM  all    1.69    0.00    0.37    0.01    0.00    0.00    0.00    0.00    0.00   97.92
03:10:42 PM  all   58.03    0.00    3.77    0.01    0.00    0.02    0.00    0.00    0.00   38.16
03:11:12 PM  all   91.35    0.00    7.69    0.00    0.00    0.01    0.00    0.00    0.00    0.94
03:11:42 PM  all   91.93    0.00    7.23    0.00    0.00    0.06    0.00    0.00    0.00    0.77
03:12:12 PM  all   88.16    0.00    9.64    0.00    0.00    0.06    0.00    0.00    0.00    2.13
03:12:42 PM  all   14.31    0.00    2.85    0.02    0.00    0.08    0.00    0.00    0.00   82.74
03:13:12 PM  all    0.26    0.00    0.32    0.00    0.00    0.00    0.00    0.00    0.00   99.41
03:13:42 PM  all    0.21    0.00    0.18    0.00    0.00    0.00    0.00    0.00    0.00   99.61
03:14:12 PM  all    3.29    0.00    3.40    0.03    0.00    0.07    0.00    0.00    0.00   93.22
Linux 5.15.0-73-generic (ubuntu2004) 	06/14/2023 	_x86_64_	(8 CPU)
03:14:42 PM  all   79.35    0.00   10.07    0.04    0.00    0.13    0.00    0.00    0.00   10.41

03:14:19 PM  CPU    %usr   %nice    %sys %iowait    %irq   %soft  %steal  %guest  %gnice   %idle
03:14:49 PM  all   92.50    0.00    6.77    0.00    0.00    0.02    0.00    0.00    0.00    0.72
03:15:12 PM  all   92.74    0.00    6.50    0.00    0.00    0.01    0.00    0.00    0.00    0.75
03:15:19 PM  all   92.57    0.00    6.64    0.00    0.00    0.03    0.00    0.00    0.00    0.75
03:15:42 PM  all   93.02    0.00    6.30    0.00    0.00    0.03    0.00    0.00    0.00    0.65
03:15:49 PM  all   92.77    0.00    6.51    0.00    0.00    0.03    0.00    0.00    0.00    0.69
03:16:12 PM  all   92.57    0.00    6.58    0.00    0.00    0.03    0.00    0.00    0.00    0.82
03:16:19 PM  all   92.92    0.00    6.22    0.00    0.00    0.02    0.00    0.00    0.00    0.85
03:16:42 PM  all   33.59    0.00    2.44    0.00    0.00    0.01    0.00    0.00    0.00   63.95
03:16:49 PM  all   11.96    0.00    1.05    0.00    0.00    0.02    0.00    0.00    0.00   86.97
03:17:12 PM  all    0.08    0.00    0.18    0.00    0.00    0.00    0.00    0.00    0.00   99.74
03:17:19 PM  all    0.05    0.00    0.19    0.00    0.00    0.00    0.00    0.00    0.00   99.75
03:17:42 PM  all    0.10    0.00    0.23    0.00    0.00    0.00    0.00    0.00    0.00   99.67
03:17:49 PM  all    1.57    0.00    0.50    0.00    0.00    0.01    0.00    0.00    0.00   97.91
03:18:12 PM  all    1.57    0.00    0.50    0.00    0.00    0.01    0.00    0.00    0.00   97.91
03:18:19 PM  all    0.12    0.00    0.27    0.00    0.00    0.01    0.00    0.00    0.00   99.61
03:18:42 PM  all   43.04    0.00    2.91    0.00    0.00    0.01    0.00    0.00    0.00   54.05
03:18:49 PM  all   63.65    0.00    5.28    0.00    0.00    0.02    0.00    0.00    0.00   31.06
03:19:12 PM  all   90.40    0.00    8.60    0.00    0.00    0.05    0.00    0.00    0.00    0.95
03:19:19 PM  all   91.20    0.00    7.68    0.00    0.00    0.06    0.00    0.00    0.00    1.06
03:19:42 PM  all   90.76    0.00    6.76    0.00    0.00    0.07    0.00    0.00    0.00    2.41
03:19:49 PM  all   88.97    0.00    7.76    0.00    0.00    0.06    0.00    0.00    0.00    3.20
03:20:12 PM  all   50.23    0.00    7.48    0.00    0.00    0.08    0.00    0.00    0.00   42.22
03:20:19 PM  all   30.50    0.00    4.95    0.00    0.00    0.07    0.00    0.00    0.00   64.47
03:20:42 PM  all    0.39    0.00    0.83    0.01    0.00    0.03    0.00    0.00    0.00   98.74
03:20:49 PM  all    0.80    0.00    1.28    0.02    0.00    0.04    0.00    0.00    0.00   97.85
Linux 5.15.0-73-generic (ubuntu2004) 	06/14/2023 	_x86_64_	(8 CPU)
03:21:12 PM  all   56.21    0.00    8.46    0.03    0.00    0.16    0.00    0.00    0.00   35.13
03:21:19 PM  all   77.37    0.00    9.49    0.03    0.00    0.15    0.00    0.00    0.00   12.95

03:20:56 PM  CPU    %usr   %nice    %sys %iowait    %irq   %soft  %steal  %guest  %gnice   %idle
03:21:26 PM  all   92.61    0.00    6.59    0.00    0.00    0.03    0.00    0.00    0.00    0.77
03:21:42 PM  all   91.29    0.00    7.78    0.00    0.00    0.04    0.00    0.00    0.00    0.89
03:21:49 PM  all   91.44    0.00    7.63    0.00    0.00    0.04    0.00    0.00    0.00    0.89
03:21:56 PM  all   91.41    0.00    7.68    0.00    0.00    0.04    0.00    0.00    0.00    0.87
03:22:12 PM  all   93.20    0.00    6.11    0.00    0.00    0.02    0.00    0.00    0.00    0.67
Average:     all   54.68    0.00    4.80    0.01    0.00    0.04    0.00    0.00    0.00   40.48
03:22:19 PM  all   93.22    0.00    6.12    0.00    0.00    0.02    0.00    0.00    0.00    0.64
03:22:26 PM  all   93.03    0.00    6.31    0.00    0.00    0.02    0.00    0.00    0.00    0.65
03:22:49 PM  all   93.02    0.00    6.26    0.00    0.00    0.03    0.00    0.00    0.00    0.69
03:22:56 PM  all   93.24    0.00    6.07    0.00    0.00    0.02    0.00    0.00    0.00    0.67
03:23:19 PM  all   37.27    0.00    2.83    0.00    0.00    0.02    0.00    0.00    0.00   59.88
03:23:26 PM  all   13.44    0.00    1.34    0.00    0.00    0.02    0.00    0.00    0.00   85.20
03:23:49 PM  all    0.10    0.00    0.19    0.00    0.00    0.00    0.00    0.00    0.00   99.72
03:23:56 PM  all    0.08    0.00    0.18    0.00    0.00    0.00    0.00    0.00    0.00   99.74
03:24:19 PM  all    0.11    0.00    0.16    0.00    0.00    0.00    0.00    0.00    0.00   99.73
03:24:26 PM  all    0.14    0.00    0.19    0.00    0.00    0.00    0.00    0.00    0.00   99.66
03:24:49 PM  all    0.10    0.00    0.20    0.00    0.00    0.01    0.00    0.00    0.00   99.69
03:24:56 PM  all    0.10    0.00    0.17    0.00    0.00    0.01    0.00    0.00    0.00   99.73
03:25:19 PM  all    1.63    0.00    0.42    0.01    0.00    0.00    0.00    0.00    0.00   97.94
03:25:26 PM  all    1.61    0.00    0.42    0.01    0.00    0.00    0.00    0.00    0.00   97.96
03:25:49 PM  all    0.09    0.00    0.20    0.00    0.00    0.00    0.00    0.00    0.00   99.71
03:25:56 PM  all    0.10    0.00    0.20    0.00    0.00    0.00    0.00    0.00    0.00   99.70
03:26:19 PM  all   41.11    0.00    2.85    0.00    0.00    0.00    0.00    0.00    0.00   56.04
03:26:26 PM  all   65.06    0.00    4.22    0.00    0.00    0.00    0.00    0.00    0.00   30.72
03:26:49 PM  all   90.08    0.00    8.45    0.00    0.00    0.04    0.00    0.00    0.00    1.42
03:26:56 PM  all   88.87    0.00    9.32    0.00    0.00    0.05    0.00    0.00    0.00    1.75
03:27:19 PM  all   89.94    0.00    8.43    0.00    0.00    0.06    0.00    0.00    0.00    1.57
03:27:26 PM  all   90.26    0.00    8.26    0.00    0.00    0.06    0.00    0.00    0.00    1.42
03:27:49 PM  all   86.38    0.00   11.26    0.00    0.00    0.08    0.00    0.00    0.00    2.29
03:27:56 PM  all   85.93    0.00   11.56    0.00    0.00    0.08    0.00    0.00    0.00    2.43
03:28:19 PM  all   91.59    0.00    7.16    0.00    0.00    0.05    0.00    0.00    0.00    1.21
03:28:26 PM  all   70.77    0.00    5.02    0.00    0.00    0.03    0.00    0.00    0.00   24.17
03:28:49 PM  all    1.88    0.00    0.36    0.00    0.00    0.01    0.00    0.00    0.00   97.75
03:28:56 PM  all    0.08    0.00    0.15    0.00    0.00    0.01    0.00    0.00    0.00   99.76
03:29:19 PM  all    0.12    0.00    0.14    0.00    0.00    0.00    0.00    0.00    0.00   99.74
Average:     all   48.41    0.00    4.23    0.00    0.00    0.03    0.00    0.00    0.00   47.32
03:29:26 PM  all    0.11    0.00    0.12    0.00    0.00    0.00    0.00    0.00    0.00   99.77
03:29:56 PM  all    0.09    0.00    0.17    0.00    0.00    0.00    0.00    0.00    0.00   99.74
03:30:26 PM  all    1.45    0.00    0.38    0.00    0.00    0.00    0.00    0.00    0.00   98.17
03:30:56 PM  all    0.31    0.00    0.33    0.00    0.00    0.00    0.00    0.00    0.00   99.36
03:31:26 PM  all    7.92    0.00    1.82    0.21    0.00    0.08    0.00    0.00    0.00   89.97
03:31:56 PM  all   93.56    0.00    5.76    0.00    0.00    0.00    0.00    0.00    0.00    0.68
03:32:26 PM  all   93.25    0.00    6.06    0.00    0.00    0.03    0.00    0.00    0.00    0.66
03:32:56 PM  all   93.11    0.00    6.27    0.00    0.00    0.02    0.00    0.00    0.00    0.60
03:33:26 PM  all   93.03    0.00    6.31    0.00    0.00    0.01    0.00    0.00    0.00    0.65
03:33:56 PM  all    1.67    0.00    0.41    0.00    0.00    0.00    0.00    0.00    0.00   97.91
03:34:26 PM  all    0.08    0.00    0.10    0.00    0.00    0.00    0.00    0.00    0.00   99.81
03:34:56 PM  all    0.32    0.00    0.16    0.00    0.00    0.00    0.00    0.00    0.00   99.52
03:35:26 PM  all    0.10    0.00    0.20    0.00    0.00    0.00    0.00    0.00    0.00   99.69
03:35:56 PM  all    1.46    0.00    0.26    0.01    0.00    0.00    0.00    0.00    0.00   98.27
Average:     all   39.01    0.00    3.19    0.01    0.00    0.02    0.00    0.00    0.00   57.77
Linux 5.15.0-73-generic (ubuntu2004) 	06/14/2023 	_x86_64_	(8 CPU)

03:52:43 PM  CPU    %usr   %nice    %sys %iowait    %irq   %soft  %steal  %guest  %gnice   %idle
03:53:13 PM  all   92.20    0.00    7.00    0.00    0.00    0.03    0.00    0.00    0.00    0.77
03:53:43 PM  all   93.40    0.00    5.98    0.00    0.00    0.01    0.00    0.00    0.00    0.61
03:54:13 PM  all   92.88    0.00    6.32    0.00    0.00    0.01    0.00    0.00    0.00    0.79
03:54:43 PM  all   92.71    0.00    6.56    0.00    0.00    0.01    0.00    0.00    0.00    0.72
03:55:13 PM  all   11.98    0.00    1.15    0.00    0.00    0.02    0.00    0.00    0.00   86.86
03:55:43 PM  all    0.10    0.00    0.18    0.01    0.00    0.00    0.00    0.00    0.00   99.71
03:56:13 PM  all    0.07    0.00    0.14    0.00    0.00    0.00    0.00    0.00    0.00   99.79
03:56:43 PM  all    0.13    0.00    0.19    0.00    0.00    0.01    0.00    0.00    0.00   99.67
03:57:13 PM  all    1.46    0.00    0.37    0.00    0.00    0.01    0.00    0.00    0.00   98.17
03:57:43 PM  all    0.06    0.00    0.12    0.00    0.00    0.00    0.00    0.00    0.00   99.82
03:58:13 PM  all   66.25    0.00    4.41    0.00    0.00    0.01    0.00    0.00    0.00   29.33
03:58:43 PM  all   93.44    0.00    5.88    0.00    0.00    0.02    0.00    0.00    0.00    0.66
03:59:13 PM  all   93.14    0.00    6.21    0.00    0.00    0.01    0.00    0.00    0.00    0.64
03:59:43 PM  all   93.18    0.00    6.08    0.00    0.00    0.02    0.00    0.00    0.00    0.72
04:00:13 PM  all   35.24    0.00    3.21    0.00    0.00    0.02    0.00    0.00    0.00   61.53
04:00:43 PM  all    0.07    0.00    0.10    0.00    0.00    0.00    0.00    0.00    0.00   99.82
04:01:13 PM  all    0.13    0.00    0.21    0.00    0.00    0.00    0.00    0.00    0.00   99.67
04:01:43 PM  all    0.20    0.00    0.18    0.00    0.00    0.00    0.00    0.00    0.00   99.62
04:02:13 PM  all    1.57    0.00    0.24    0.01    0.00    0.00    0.00    0.00    0.00   98.18
04:02:43 PM  all    0.12    0.00    0.13    0.00    0.00    0.00    0.00    0.00    0.00   99.75
04:03:13 PM  all   41.91    0.00    3.25    0.00    0.00    0.01    0.00    0.00    0.00   54.83
04:03:43 PM  all   93.34    0.00    5.96    0.00    0.00    0.02    0.00    0.00    0.00    0.67
04:04:13 PM  all   92.88    0.00    5.98    0.00    0.00    0.01    0.00    0.00    0.00    1.13
04:04:43 PM  all   92.88    0.00    6.04    0.00    0.00    0.02    0.00    0.00    0.00    1.05
04:05:13 PM  all   60.80    0.00    4.11    0.00    0.00    0.03    0.00    0.00    0.00   35.07
04:05:43 PM  all    0.08    0.00    0.16    0.00    0.00    0.00    0.00    0.00    0.00   99.75
04:06:13 PM  all    0.11    0.00    0.13    0.00    0.00    0.00    0.00    0.00    0.00   99.76
04:06:43 PM  all    0.08    0.00    0.13    0.00    0.00    0.00    0.00    0.00    0.00   99.79
04:07:13 PM  all    1.47    0.00    0.25    0.00    0.00    0.00    0.00    0.00    0.00   98.29
04:07:43 PM  all    0.10    0.00    0.15    0.00    0.00    0.00    0.00    0.00    0.00   99.75
Average:     all   38.35    0.00    2.69    0.00    0.00    0.01    0.00    0.00    0.00   58.95
