Linux 5.15.0-73-generic (ubuntu2004) 	06/14/2023 	_x86_64_	(8 CPU)

04:30:56 PM  CPU    %usr   %nice    %sys %iowait    %irq   %soft  %steal  %guest  %gnice   %idle
04:31:26 PM  all   77.39    0.00   19.75    0.16    0.00    0.23    0.00    0.00    0.00    2.47
04:31:56 PM  all   93.26    0.00    5.73    0.00    0.00    0.02    0.00    0.00    0.00    0.99
04:32:26 PM  all   92.94    0.00    6.01    0.00    0.00    0.02    0.00    0.00    0.00    1.02
04:32:56 PM  all   93.15    0.00    5.76    0.00    0.00    0.03    0.00    0.00    0.00    1.06
04:33:26 PM  all   30.75    0.00    2.52    0.00    0.00    0.01    0.00    0.00    0.00   66.72
04:33:56 PM  all    0.17    0.00    0.42    0.00    0.00    0.01    0.00    0.00    0.00   99.40
04:34:26 PM  all    0.10    0.00    0.32    0.00    0.00    0.00    0.00    0.00    0.00   99.58
04:34:56 PM  all    1.88    0.00    0.73    0.01    0.00    0.00    0.00    0.00    0.00   97.38
04:35:26 PM  all    0.10    0.00    0.12    0.00    0.00    0.01    0.00    0.00    0.00   99.77
04:35:56 PM  all   73.01    0.00    5.54    0.00    0.00    0.03    0.00    0.00    0.00   21.42
04:36:26 PM  all   93.22    0.00    5.95    0.00    0.00    0.01    0.00    0.00    0.00    0.82
04:36:56 PM  all   93.05    0.00    6.13    0.00    0.00    0.01    0.00    0.00    0.00    0.82
04:37:26 PM  all   93.37    0.00    5.87    0.00    0.00    0.01    0.00    0.00    0.00    0.76
04:37:56 PM  all   30.25    0.00    2.38    0.00    0.00    0.01    0.00    0.00    0.00   67.36
04:38:26 PM  all    0.07    0.00    0.11    0.00    0.00    0.00    0.00    0.00    0.00   99.82
04:38:56 PM  all    0.12    0.00    0.23    0.00    0.00    0.00    0.00    0.00    0.00   99.64
04:39:26 PM  all    1.37    0.00    0.23    0.00    0.00    0.01    0.00    0.00    0.00   98.39
04:39:56 PM  all    0.10    0.00    0.13    0.00    0.00    0.01    0.00    0.00    0.00   99.76
04:40:26 PM  all   75.24    0.00    5.13    0.00    0.00    0.00    0.00    0.00    0.00   19.63
04:40:56 PM  all   92.89    0.00    6.36    0.00    0.00    0.02    0.00    0.00    0.00    0.72
04:41:26 PM  all   92.86    0.00    6.38    0.00    0.00    0.01    0.00    0.00    0.00    0.74
04:41:56 PM  all   93.22    0.00    6.06    0.00    0.00    0.01    0.00    0.00    0.00    0.72
04:42:26 PM  all   32.74    0.00    2.20    0.00    0.00    0.02    0.00    0.00    0.00   65.04
04:42:56 PM  all    0.08    0.00    0.13    0.00    0.00    0.00    0.00    0.00    0.00   99.79
04:43:26 PM  all    0.07    0.00    0.16    0.00    0.00    0.00    0.00    0.00    0.00   99.77
04:43:56 PM  all    1.57    0.00    0.23    0.01    0.00    0.00    0.00    0.00    0.00   98.19
04:44:26 PM  all    0.29    0.00    0.13    0.00    0.00    0.00    0.00    0.00    0.00   99.58
04:44:56 PM  all   72.66    0.00    5.08    0.00    0.00    0.01    0.00    0.00    0.00   22.24
04:45:26 PM  all   93.40    0.00    5.99    0.00    0.00    0.01    0.00    0.00    0.00    0.60
04:45:56 PM  all   93.33    0.00    6.03    0.00    0.00    0.00    0.00    0.00    0.00    0.63
Average:     all   47.33    0.00    3.69    0.01    0.00    0.02    0.00    0.00    0.00   48.95
Linux 5.15.0-73-generic (ubuntu2004) 	06/14/2023 	_x86_64_	(8 CPU)

05:43:04 PM  CPU    %usr   %nice    %sys %iowait    %irq   %soft  %steal  %guest  %gnice   %idle
05:43:34 PM  all   90.51    0.00    8.67    0.01    0.00    0.04    0.00    0.00    0.00    0.78
05:44:04 PM  all   93.04    0.00    6.24    0.00    0.00    0.03    0.00    0.00    0.00    0.68
05:44:34 PM  all   93.23    0.00    6.09    0.00    0.00    0.02    0.00    0.00    0.00    0.66
05:45:04 PM  all   92.65    0.00    6.37    0.00    0.00    0.02    0.00    0.00    0.00    0.97
05:45:34 PM  all    3.81    0.00    0.43    0.00    0.00    0.02    0.00    0.00    0.00   95.75
05:46:04 PM  all    0.09    0.00    0.16    0.00    0.00    0.00    0.00    0.00    0.00   99.75
05:46:34 PM  all    1.67    0.00    0.65    0.01    0.00    0.00    0.00    0.00    0.00   97.66
05:47:04 PM  all    0.09    0.00    0.15    0.00    0.00    0.01    0.00    0.00    0.00   99.74
05:47:34 PM  all    8.36    0.00    1.01    0.00    0.00    0.00    0.00    0.00    0.00   90.63
05:48:04 PM  all   93.08    0.00    6.17    0.00    0.00    0.02    0.00    0.00    0.00    0.74
05:48:34 PM  all   91.71    0.00    7.55    0.00    0.00    0.02    0.00    0.00    0.00    0.72
05:49:04 PM  all   89.76    0.00    9.30    0.01    0.00    0.05    0.00    0.00    0.00    0.87
05:49:34 PM  all   91.41    0.00    7.76    0.00    0.00    0.03    0.00    0.00    0.00    0.80
05:50:04 PM  all   10.56    0.00    0.76    0.00    0.00    0.00    0.00    0.00    0.00   88.68
05:50:34 PM  all    0.10    0.00    0.13    0.00    0.00    0.00    0.00    0.00    0.00   99.77
05:51:04 PM  all    1.33    0.00    0.21    0.00    0.00    0.00    0.00    0.00    0.00   98.46
05:51:34 PM  all    0.15    0.00    0.22    0.00    0.00    0.00    0.00    0.00    0.00   99.63
05:52:04 PM  all    2.68    0.00    0.41    0.00    0.00    0.00    0.00    0.00    0.00   96.91
05:52:34 PM  all   93.28    0.00    5.96    0.00    0.00    0.03    0.00    0.00    0.00    0.73
05:53:04 PM  all   93.36    0.00    6.02    0.00    0.00    0.01    0.00    0.00    0.00    0.60
05:53:34 PM  all   93.44    0.00    5.94    0.00    0.00    0.02    0.00    0.00    0.00    0.60
05:54:04 PM  all   93.08    0.00    5.98    0.00    0.00    0.02    0.00    0.00    0.00    0.92
05:54:34 PM  all    5.00    0.00    0.68    0.00    0.00    0.01    0.00    0.00    0.00   94.31
05:55:04 PM  all    0.11    0.00    0.21    0.00    0.00    0.01    0.00    0.00    0.00   99.67
05:55:34 PM  all    2.39    0.00    1.35    0.26    0.00    0.13    0.00    0.00    0.00   95.86
05:56:04 PM  all    0.08    0.00    0.14    0.00    0.00    0.00    0.00    0.00    0.00   99.78
05:56:34 PM  all    8.52    0.00    0.68    0.00    0.00    0.01    0.00    0.00    0.00   90.79
05:57:04 PM  all   93.49    0.00    5.83    0.00    0.00    0.01    0.00    0.00    0.00    0.68
05:57:34 PM  all   92.69    0.00    6.59    0.00    0.00    0.02    0.00    0.00    0.00    0.70
05:58:04 PM  all   92.84    0.00    6.47    0.00    0.00    0.02    0.00    0.00    0.00    0.67
Average:     all   47.72    0.00    3.60    0.01    0.00    0.02    0.00    0.00    0.00   48.66
